Count: 0, Time: 2.748636245727539 seconds
Count: 1, Time: 0.6001746654510498 seconds
Count: 2, Time: 0.9469764995574951 seconds
